42.9228483807
2.81349170893
5.10478169474
9.1200305736
0.0636818880619
6.24438632838
4.7966950432
0.912133732072
3.69346847368
0.207111318735
7.25393222022
10.8262811965
2.43337466534
2.9495957182
1.99971533005
2.4344523916
3.31261635604
0.252870233155
0.716550249744
3.00619545422
10.7660415446
0.107134458073
2.66152857712
5.39720711339
2.57476364757
2.63180651949
0.0466901620667
1.7654440035
0.0164063302494
0.157388933969
4.67149351236
0.111517010537
0.172161321058
10.3197610925
0.198378057024
0.46477754735
0.698701735252
0.183820423604
0.16655966185
0.00915788385611
0.572246368135
0.0307332349094
0.0317472195639
0.01717455568
0.511232103203
0.0817376060561
0.139578642003
0.0645134442673
0.013135885315
0.106792923895
0.193400613303
0.1195100333
0.0173453200218
0.0786084956397
0.166818451377
0.024297456517
0.0247286984185
0.0340178661981
0.0131298232505
0.0207520965705
0.0310095002209
0.0147081013317
0.00639433443133
0.0178593169652
0.0201221154293
0.0103526879715
0.0142930313251
0.000180383387073
0.00235410754978
0.00364846927815
0.0044382356991
0.00548187525914
0.000797890206884
0.00379665567912
0.00346203658159
0.000667932613631
0.00104991545066
0.000564558123147
0.000382745212763
0.000695590952932
0.000126231984315
0.00046085753892
0.00105914407611
0.000926243115109
0.00110060655543
3.72796271207e-06
8.61595770618e-05
0.000406268307587
2.70622395693e-05
0.000540825226639
0.000160461721668
0.000209051041112
0.000180765802847
5.28772349288e-05
0.000160213650536
6.2978268702e-05
4.62812964018e-05
1.30132041352e-05
5.55878860528e-05
4.955806424e-05
7.5259796172e-06
3.06759383689e-05
2.83027046659e-05
7.88988812258e-06
1.79825542631e-05
2.17262538426e-05
2.17708077916e-06
1.36477880395e-05
4.53317523984e-06
1.08720424386e-06
6.07512127671e-06
5.93492758861e-06
9.98330835899e-07
2.20988834367e-07
1.59980563053e-06
2.39507560134e-06
7.20197171555e-07
2.59166885252e-06
6.55607811587e-06
1.70925180399e-06
1.00493510665e-06
6.65609691184e-07
2.66276122377e-07
8.70439588312e-07
4.48894145349e-08
2.84449475724e-07
2.73630778438e-07
2.05445061807e-07
4.06108724811e-07
2.26942320619e-07
1.20210394554e-07
4.04476451021e-07
2.01290880089e-07
2.02027552982e-07
2.04710074346e-07
1.75005925787e-07
1.40618875367e-07
1.15652768911e-07
1.10531114197e-07
3.24485608489e-08
7.41505018033e-08
1.93152313273e-08
2.54793888676e-08
2.50287524427e-08
1.53363450018e-08
4.64804987878e-08
2.08734702043e-08
3.4148490105e-09
5.11100137689e-09
5.74442634562e-09
3.26505073109e-09
3.86380185324e-09
1.36086471115e-08
1.34344028792e-08
1.71548434378e-09
3.01561763305e-09
4.60538144955e-09
1.98774482738e-09
1.17166888997e-09
1.51329692569e-09
1.92971596691e-09
1.41045232228e-09
1.68342032281e-09
2.73494317063e-09
1.49423165043e-09
1.00437498183e-09
2.58868761613e-09
9.90157436773e-10
5.15023402861e-10
5.83603478528e-10
5.23125923653e-10
2.67646036466e-10
2.89915403125e-10
3.7294764185e-10
7.10485317625e-11
1.29381393246e-11
9.88763165337e-11
8.44014603731e-11
5.45638056065e-12
1.3461778105e-11
1.16307580559e-10
1.05056141093e-11
7.62734376593e-12
7.62734376593e-12
1.83964830191e-11
1.83964830191e-11
4.59054703819e-12
1.5051893632e-13
1.09086132578e-11
1.02425973274e-11
1.83506098172e-12
2.37798478309e-13
1.04248669601e-12
8.96703943528e-12
5.73450111545e-13
3.43769401366e-12
3.66784406015e-12
2.50673942696e-12
5.69835104999e-13
2.06756894422e-12